# logA ns theta_MC_100 ombh2 omch2 tau w wa A_planck amp_143 amp_217 amp_143x217 n_143 n_217 n_143x217 calTE calEE
1.671413851930353910e-04 1.135144592717942076e-05 4.392421502891574323e-07 4.213002215813858406e-07 -4.074334538981219728e-06 8.686322682945957826e-05 -1.121605679492908655e-04 7.326226281830527150e-04 8.111825868848717078e-07 -3.449891068619976089e-03 -3.452607049855908362e-03 -3.466578160208720963e-03 1.316611332051723007e-04 5.010104225140133349e-04 8.096023256192209092e-04 -5.814473147016827242e-06 -1.162132030768722418e-06
1.135144592717942076e-05 1.305218799267876118e-05 1.547600674219832338e-07 1.482308012347231712e-07 -1.625320879350181165e-06 7.043896825835162033e-06 -3.258965267001415341e-05 2.402861766489663791e-04 8.785107726389252547e-07 -4.288060413448512194e-03 -4.117812155906430335e-03 -4.222072037818337328e-03 1.235814089996354237e-04 6.690324687941077682e-04 9.777710204805444526e-04 3.897394807405145978e-07 -1.654042200435781874e-06
4.392421502891574323e-07 1.547600674219832338e-07 5.756125869967745562e-08 7.343361993471281366e-09 -3.340898727704759999e-08 1.937866191331347670e-07 -1.465676225445247789e-06 1.045660844827594567e-05 3.190812339998771790e-08 -8.254431335100225137e-06 -1.198699870277097820e-05 -1.176590561576966497e-05 7.020031079208416585e-07 1.132133979262625578e-06 2.763215546895372197e-06 -2.863675559314669459e-08 -1.413167050076825353e-08
4.213002215813858406e-07 1.482308012347231712e-07 7.343361993471281366e-09 1.529848212662715458e-08 -3.983535580789362241e-08 2.087373509390181551e-07 -7.696640058711833329e-07 6.524865250515839606e-06 1.975388095650534241e-08 -8.191877863072291014e-05 -7.856759082805874080e-05 -8.016848741919499390e-05 2.310188290315191289e-07 9.792201472419143529e-06 1.415382739816921811e-05 -5.051589975423397440e-08 -1.601853732101447494e-07
-4.074334538981219728e-06 -1.625320879350181165e-06 -3.340898727704759999e-08 -3.983535580789362241e-08 6.816126577624004097e-07 -2.310139800709736187e-06 1.337486721616700200e-05 -9.633949931210061802e-05 -4.820453225662491250e-07 2.377338700965728711e-04 2.315462731552072023e-04 2.384701689540590617e-04 -4.224014240166793187e-06 -3.475532170445733246e-05 -4.993772902861396621e-05 -8.631794236928580505e-08 -3.510831181086820819e-07
8.686322682945957826e-05 7.043896825835162033e-06 1.937866191331347670e-07 2.087373509390181551e-07 -2.310139800709736187e-06 5.011711660374196291e-05 -5.553093695127973731e-05 3.783399266313734635e-04 -3.678247178829954254e-06 -1.597689649948463766e-03 -1.520953177692631894e-03 -1.490651671491717003e-03 3.245900781070640235e-05 1.749850201489633957e-04 3.069732848041226039e-04 -3.133687225784813603e-06 -1.271773265664229841e-06
-1.121605679492908655e-04 -3.258965267001415341e-05 -1.465676225445247789e-06 -7.696640058711833329e-07 1.337486721616700200e-05 -5.553093695127973731e-05 3.250280794289710749e-03 -1.134971734126329589e-02 -1.501331894318001452e-05 3.798003960321902177e-03 3.926150685520004256e-03 4.141803834767759582e-03 -5.139877224834390389e-05 -6.567174880247238439e-04 -7.645833339350372772e-04 -2.825851611493194922e-06 -7.893478593686746001e-06
7.326226281830527150e-04 2.402861766489663791e-04 1.045660844827594567e-05 6.524865250515839606e-06 -9.633949931210061802e-05 3.783399266313734635e-04 -1.134971734126329589e-02 4.841079064311610419e-02 9.121866116155515774e-05 -3.201584186674003019e-02 -3.229198369632275967e-02 -3.378385171259020575e-02 3.053866337475927002e-04 5.113333056775959222e-03 6.263885984391179967e-03 1.286351010443343859e-05 4.015734786931430931e-05
8.111825868848717078e-07 8.785107726389252547e-07 3.190812339998771790e-08 1.975388095650534241e-08 -4.820453225662491250e-07 -3.678247178829954254e-06 -1.501331894318001452e-05 9.121866116155515774e-05 4.887246803162770968e-06 5.041601840809392101e-04 4.322251640451819552e-04 4.005394158875988765e-04 -3.320574294053006464e-05 -6.707616593568662495e-05 -1.104069976141272119e-04 1.417892816275361730e-09 1.647620655031479542e-08
-3.449891068619976089e-03 -4.288060413448512194e-03 -8.254431335100225137e-06 -8.191877863072291014e-05 2.377338700965728711e-04 -1.597689649948463766e-03 3.798003960321902177e-03 -3.201584186674002325e-02 5.041601840809392101e-04 3.908701094139422239e+00 3.391965457551395779e+00 3.598370267252826604e+00 -1.479457071285931735e-01 -6.467848269265901173e-01 -9.418364106534091729e-01 -6.871860154354380874e-04 -5.856061020715463007e-05
-3.452607049855908362e-03 -4.117812155906430335e-03 -1.198699870277097820e-05 -7.856759082805874080e-05 2.315462731552072023e-04 -1.520953177692631894e-03 3.926150685520004256e-03 -3.229198369632275967e-02 4.322251640451819552e-04 3.391965457551395779e+00 3.539052588192432847e+00 3.480349472483823980e+00 -1.825092026228145037e-01 -6.589107394354486447e-01 -9.494949566121604345e-01 -6.454465218562121468e-04 -1.016723133064298434e-04
-3.466578160208720963e-03 -4.222072037818337328e-03 -1.176590561576966667e-05 -8.016848741919499390e-05 2.384701689540590617e-04 -1.490651671491717003e-03 4.141803834767759582e-03 -3.378385171259020575e-02 4.005394158875988765e-04 3.598370267252826604e+00 3.480349472483823536e+00 3.613287030722879489e+00 -1.833077713244446183e-01 -6.645290633507092704e-01 -9.557748886991092041e-01 -6.748745796679570842e-04 -1.060109393855489452e-04
1.316611332051723278e-04 1.235814089996356948e-04 7.020031079208403879e-07 2.310188290315197113e-07 -4.224014240166790645e-06 3.245900781070642946e-05 -5.139877224834389033e-05 3.053866337475929170e-04 -3.320574294053006464e-05 -1.479457071285932013e-01 -1.825092026228146147e-01 -1.833077713244450624e-01 3.327543063100347337e-02 3.873129042475532274e-02 6.964602076902372263e-02 8.922314231121201858e-05 1.057611947765193822e-04
5.010104225140127928e-04 6.690324687941077682e-04 1.132133979262626848e-06 9.792201472419150306e-06 -3.475532170445721727e-05 1.749850201489631246e-04 -6.567174880247225429e-04 5.113333056775962691e-03 -6.707616593568662495e-05 -6.467848269265891181e-01 -6.589107394354487557e-01 -6.645290633507092704e-01 3.873129042475532274e-02 1.577039651142516652e-01 2.103406291088732172e-01 1.574895196866364123e-04 1.265864813160178415e-04
8.096023256192210176e-04 9.777710204805409831e-04 2.763215546895374738e-06 1.415382739816921472e-05 -4.993772902861391878e-05 3.069732848041235255e-04 -7.645833339350383614e-04 6.263885984391176498e-03 -1.104069976141270357e-04 -9.418364106534060642e-01 -9.494949566121633211e-01 -9.557748886991074277e-01 6.964602076902372263e-02 2.103406291088732172e-01 3.269695867997103877e-01 2.437621737639556591e-04 1.868465469739700297e-04
-5.814473147016842489e-06 3.897394807405133802e-07 -2.863675559314660856e-08 -5.051589975423390823e-08 -8.631794236928548742e-08 -3.133687225784819956e-06 -2.825851611493195769e-06 1.286351010443350466e-05 1.417892816275252955e-09 -6.871860154354366779e-04 -6.454465218562117131e-04 -6.748745796679568674e-04 8.922314231121200503e-05 1.574895196866364123e-04 2.437621737639557133e-04 1.359264830404070670e-05 4.644896276218932427e-06
-1.162132030768721783e-06 -1.654042200435779969e-06 -1.413167050076825187e-08 -1.601853732101449347e-07 -3.510831181086817643e-07 -1.271773265664231958e-06 -7.893478593686742613e-06 4.015734786931426866e-05 1.647620655031455720e-08 -5.856061020715469783e-05 -1.016723133064298027e-04 -1.060109393855492027e-04 1.057611947765192738e-04 1.265864813160179499e-04 1.868465469739701923e-04 4.644896276218929038e-06 1.386151613971440153e-05
