# logA ns theta_MC_100 ombh2 omch2 tau w wa A_planck amp_143 amp_217 amp_143x217 n_143 n_217 n_143x217 calTE calEE
1.668452138705427145e-04 1.148047860975845558e-05 4.445438933139486549e-07 4.346951466907118680e-07 -4.073703420894937505e-06 8.629064714873003279e-05 -1.964200722404326502e-04 9.990670928337037991e-04 1.354954698744201177e-06 -3.230141621490848110e-03 -3.183846023874039189e-03 -3.227038741697698266e-03 5.039140930543366162e-05 4.453279118970549107e-04 6.558731897234467648e-04 -4.567774437290725465e-06 -2.070529041211511023e-06
1.148047860975845558e-05 1.300978674071131043e-05 1.416029556991605787e-07 1.332270007906814657e-07 -1.628294467897163198e-06 7.194423126117544802e-06 -5.512278619407796416e-05 3.045327684577617700e-04 7.551924201757899539e-07 -4.374672984634207958e-03 -4.200140951444588690e-03 -4.264965316119011078e-03 1.477613791621457421e-04 6.718730520960475511e-04 9.814616705012650655e-04 2.526908953551059493e-07 -1.477186358742002217e-06
4.445438933139486549e-07 1.416029556991605787e-07 5.624559370443232230e-08 6.365284546855563031e-09 -3.263096085395822575e-08 1.890524823870298338e-07 -2.660870290871348110e-06 1.387275463730437881e-05 4.079554106738610259e-08 -4.488665258327283237e-06 -1.294707101051800826e-06 -3.634159796008633522e-06 -2.365046708679294419e-07 -4.305488593943697962e-08 2.442643746453531612e-07 -4.295055944343985352e-08 1.779468446960535613e-08
4.346951466907118680e-07 1.332270007906814657e-07 6.365284546855563031e-09 1.556617274554469921e-08 -3.835850826044215847e-08 2.141673918918189708e-07 -1.314986290820721285e-06 7.917703161559703646e-06 1.885733926185640108e-08 -7.702215997816521840e-05 -7.667227421448832901e-05 -7.715172092405261299e-05 8.644543663010375182e-07 8.741630520753111439e-06 1.331247529213674560e-05 -6.012461425193689404e-08 -1.702797995120909196e-07
-4.073703420894937505e-06 -1.628294467897163198e-06 -3.263096085395822575e-08 -3.835850826044215847e-08 6.598871557842669766e-07 -2.325010123070902754e-06 1.949468141449611441e-05 -1.138908881829421604e-04 -4.509841033631664746e-07 2.548357672970549088e-04 2.484372002158782258e-04 2.561583763645138099e-04 -7.753769737426137199e-06 -3.615044246614790638e-05 -5.688588786690262721e-05 -7.252459851324147613e-08 -2.385966675208731291e-07
8.629064714873003279e-05 7.194423126117544802e-06 1.890524823870298338e-07 2.141673918918189708e-07 -2.325010123070902754e-06 4.954644486600747209e-05 -1.026513686573316756e-04 5.267040328153366202e-04 -3.261617520367872189e-06 -1.443794301598786941e-03 -1.367064453742440405e-03 -1.355968647753383631e-03 -1.865456691627020937e-05 1.398080098354877849e-04 2.051228797065561820e-04 -2.417058496690992448e-06 -1.963281925180354368e-06
-1.964200722404326502e-04 -5.512278619407796416e-05 -2.660870290871348110e-06 -1.314986290820721285e-06 1.949468141449611441e-05 -1.026513686573316756e-04 7.681405470346037816e-03 -2.372252292294964662e-02 -1.768029886037803466e-05 7.680104086726542711e-03 7.929646098287935346e-03 7.861605020185647233e-03 -1.762581513825064571e-04 -1.130372230474343967e-03 -1.559200759114080142e-03 2.448873147533060139e-07 -5.353564206818860678e-07
9.990670928337037991e-04 3.045327684577617158e-04 1.387275463730437881e-05 7.917703161559703646e-06 -1.138908881829421604e-04 5.267040328153366202e-04 -2.372252292294964662e-02 8.429621264983294671e-02 9.996986917981401041e-05 -4.395906517157635585e-02 -4.340587046767098445e-02 -4.445070945357410680e-02 1.074946939908435388e-03 6.121199954674603171e-03 9.023539622583866965e-03 4.697468071629704866e-06 1.243174797748333457e-05
1.354954698744201177e-06 7.551924201757899539e-07 4.079554106738610259e-08 1.885733926185640108e-08 -4.509841033631664746e-07 -3.261617520367872189e-06 -1.768029886037803466e-05 9.996986917981401041e-05 4.654983996135587396e-06 4.664167933812390573e-04 4.117393615059315227e-04 3.802932221909824362e-04 -2.048729139076767424e-05 -5.881825765585544399e-05 -7.862083742269468129e-05 -4.796159109202576378e-08 7.283341003911128917e-08
-3.230141621490848543e-03 -4.374672984634207958e-03 -4.488665258327281542e-06 -7.702215997816521840e-05 2.548357672970549088e-04 -1.443794301598786941e-03 7.680104086726544446e-03 -4.395906517157635585e-02 4.664167933812390573e-04 3.992023437249897722e+00 3.482056525059406216e+00 3.653921103216385191e+00 -1.650981728216095457e-01 -6.512677130865890396e-01 -9.455187019250729241e-01 -5.540443827872460836e-04 -2.347788075699498711e-04
-3.183846023874039189e-03 -4.200140951444588690e-03 -1.294707101051798708e-06 -7.667227421448832901e-05 2.484372002158782258e-04 -1.367064453742440405e-03 7.929646098287935346e-03 -4.340587046767098445e-02 4.117393615059315227e-04 3.482056525059406216e+00 3.648749062940363608e+00 3.543387701408782231e+00 -1.981181112337037364e-01 -6.655562298217264638e-01 -9.592499322768044401e-01 -5.860458475374549217e-04 -2.418222423200967037e-04
-3.227038741697698266e-03 -4.264965316119011078e-03 -3.634159796008633522e-06 -7.715172092405261299e-05 2.561583763645138099e-04 -1.355968647753383631e-03 7.861605020185647233e-03 -4.445070945357410680e-02 3.802932221909824362e-04 3.653921103216385191e+00 3.543387701408782231e+00 3.637789056410833499e+00 -1.976669981888180549e-01 -6.623681451027321199e-01 -9.533148846804070375e-01 -5.822650395778439280e-04 -2.429868104025457911e-04
5.039140930543368872e-05 1.477613791621461216e-04 -2.365046708679317183e-07 8.644543663010359300e-07 -7.753769737426147363e-06 -1.865456691627025341e-05 -1.762581513825068366e-04 1.074946939908431268e-03 -2.048729139076769118e-05 -1.650981728216094069e-01 -1.981181112337040695e-01 -1.976669981888184158e-01 3.460223964467656899e-02 4.026727299610545485e-02 7.286138616751154651e-02 9.581036913177952440e-05 1.170869974890220282e-04
4.453279118970545312e-04 6.718730520960477679e-04 -4.305488593944511908e-08 8.741630520753124992e-06 -3.615044246614804868e-05 1.398080098354885438e-04 -1.130372230474345051e-03 6.121199954674591895e-03 -5.881825765585550498e-05 -6.512677130865892616e-01 -6.655562298217254646e-01 -6.623681451027316758e-01 4.026727299610544791e-02 1.559098178763507203e-01 2.075451348341426638e-01 1.551642004006677743e-04 1.580436385795308248e-04
6.558731897234450301e-04 9.814616705012665834e-04 2.442643746453309266e-07 1.331247529213677609e-05 -5.688588786690266109e-05 2.051228797065559109e-04 -1.559200759114077756e-03 9.023539622583840944e-03 -7.862083742269450511e-05 -9.455187019250723690e-01 -9.592499322768048842e-01 -9.533148846804095911e-01 7.286138616751154651e-02 2.075451348341426638e-01 3.233189695795771756e-01 2.411114697229955691e-04 2.387313123271986109e-04
-4.567774437290726312e-06 2.526908953551043081e-07 -4.295055944343966823e-08 -6.012461425193693374e-08 -7.252459851324148936e-08 -2.417058496690993718e-06 2.448873147532960083e-07 4.697468071629714183e-06 -4.796159109202631303e-08 -5.540443827872486857e-04 -5.860458475374557890e-04 -5.822650395778441448e-04 9.581036913177952440e-05 1.551642004006677743e-04 2.411114697229955691e-04 1.361211723996840603e-05 4.807622557441132129e-06
-2.070529041211508906e-06 -1.477186358742001793e-06 1.779468446960536937e-08 -1.702797995120910255e-07 -2.385966675208728114e-07 -1.963281925180351827e-06 -5.353564206818890324e-07 1.243174797748332610e-05 7.283341003911119653e-08 -2.347788075699501422e-04 -2.418222423200967037e-04 -2.429868104025457369e-04 1.170869974890220147e-04 1.580436385795306892e-04 2.387313123271987193e-04 4.807622557441131282e-06 1.391084368443283335e-05
