# logA ns theta_MC_100 ombh2 omch2 tau w wa A_planck amp_143 amp_217 amp_143x217 n_143 n_217 n_143x217 calTE calEE
1.721904371768539523e-04 1.346808278911711839e-05 5.330231487038802784e-07 4.291480827147050981e-07 -4.242084387935372360e-06 8.927973524749050545e-05 -1.136132046278325123e-04 7.686878016940978204e-04 1.142074249554456878e-06 -3.738764654012396212e-03 -3.684682754786590755e-03 -3.690088365873450248e-03 6.368032657313169639e-05 4.821766523440961264e-04 7.784024270484145129e-04 -4.989152091385246234e-06 -1.471014777277777790e-06
1.346808278911711839e-05 1.337470154412941025e-05 1.657768826114305856e-07 1.452014314075581672e-07 -1.668369344270721000e-06 8.231597410455130092e-06 -2.991247820122264973e-05 2.256834954743131493e-04 8.603341075748325543e-07 -4.293772540936218948e-03 -4.145409430999840925e-03 -4.224944293975725282e-03 1.061731334168451729e-04 6.878821118370367135e-04 1.005712227953355379e-03 5.989091235766028583e-08 -1.647201494890554346e-06
5.330231487038802784e-07 1.657768826114305856e-07 5.734139884532953577e-08 6.783964332059639469e-09 -3.487786316434935513e-08 2.371100168929699416e-07 -1.402446725005631174e-06 1.028127291172208947e-05 4.136271332176301021e-08 -8.285541564769750633e-06 -1.090954617427856066e-05 -1.072550974353041408e-05 4.401498965902968645e-07 1.799429096353056213e-06 3.328111835044500782e-06 -3.170717078303444174e-08 1.588040866278200113e-08
4.291480827147050981e-07 1.452014314075581672e-07 6.783964332059639469e-09 1.612818554466926033e-08 -4.122842761423949831e-08 2.034732981624137045e-07 -6.793890757380180902e-07 5.983162767715530964e-06 3.145500857634147529e-08 -7.894504752781479726e-05 -7.550742703757050076e-05 -7.792779238362235444e-05 -1.122342480963372755e-09 8.686713268004900553e-06 1.352145860494703559e-05 -6.582786230829834177e-08 -1.732431149834931859e-07
-4.242084387935372360e-06 -1.668369344270721000e-06 -3.487786316434935513e-08 -4.122842761423949831e-08 6.737609184710804582e-07 -2.399477553484520482e-06 1.099117048444205462e-05 -8.520033651673316428e-05 -4.710043762669791875e-07 2.460691299255833315e-04 2.489032250526000624e-04 2.569271274987385651e-04 -4.781838322669136967e-06 -3.402207629681309943e-05 -5.232508943396428088e-05 -7.624005866030212369e-08 -2.701369245297535903e-07
8.927973524749050545e-05 8.231597410455130092e-06 2.371100168929699416e-07 2.034732981624137045e-07 -2.399477553484520482e-06 5.117664252063042272e-05 -5.722672561855914595e-05 3.987783119539189372e-04 -3.379085712691247304e-06 -1.685166256167435449e-03 -1.609915691733937448e-03 -1.573047975750012199e-03 -6.038214865809248589e-06 1.624920764374987751e-04 2.680768204672146350e-04 -2.670708738788917427e-06 -1.417912273124360910e-06
-1.136132046278325123e-04 -2.991247820122264973e-05 -1.402446725005631174e-06 -6.793890757380180902e-07 1.099117048444205462e-05 -5.722672561855914595e-05 3.041495905566087357e-03 -1.022071578274176377e-02 -1.113591920955391474e-05 3.740392413404031863e-03 4.832170870753197192e-03 4.596449570084736209e-03 -4.304395179776090096e-05 -7.079595214284319831e-04 -9.873484595634275489e-04 -4.686060229659749256e-06 -5.875655178624265993e-06
7.686878016940978204e-04 2.256834954743131493e-04 1.028127291172208947e-05 5.983162767715530964e-06 -8.520033651673316428e-05 3.987783119539189372e-04 -1.022071578274176377e-02 4.290000736881915966e-02 7.516745896366590785e-05 -3.282017021938754553e-02 -3.564123497805007923e-02 -3.559137081297757133e-02 6.099215568244467168e-04 4.779557734098370883e-03 7.533211694914183215e-03 1.938947415053361473e-05 3.469962725330948833e-05
1.142074249554456878e-06 8.603341075748325543e-07 4.136271332176301021e-08 3.145500857634147529e-08 -4.710043762669791875e-07 -3.379085712691247304e-06 -1.113591920955391474e-05 7.516745896366590785e-05 4.689971086272848294e-06 3.698448617622165772e-04 3.099376956398609113e-04 2.761470260228058964e-04 -2.363348804832846140e-05 -5.517517504901179101e-05 -8.062925012631401921e-05 1.245726252611789658e-08 -7.871605203762817303e-08
-3.738764654012396212e-03 -4.293772540936218948e-03 -8.285541564769750633e-06 -7.894504752781479726e-05 2.460691299255833315e-04 -1.685166256167435449e-03 3.740392413404031863e-03 -3.282017021938755247e-02 3.698448617622165772e-04 3.770980864273049349e+00 3.268521449799500100e+00 3.455453326739639230e+00 -1.355009571722449735e-01 -6.360282896051537849e-01 -9.450024978825780630e-01 -3.591137245704085980e-04 -1.883407037056584310e-05
-3.684682754786590755e-03 -4.145409430999840925e-03 -1.090954617427856066e-05 -7.550742703757050076e-05 2.489032250526000082e-04 -1.609915691733937448e-03 4.832170870753197192e-03 -3.564123497805007923e-02 3.099376956398609113e-04 3.268521449799500100e+00 3.427321276300237418e+00 3.344801066312981686e+00 -1.699232895809650590e-01 -6.500504287617809851e-01 -9.545969434091374772e-01 -4.122964038736289688e-04 -8.071680557677627028e-05
-3.690088365873450248e-03 -4.224944293975725282e-03 -1.072550974353041238e-05 -7.792779238362235444e-05 2.569271274987385651e-04 -1.573047975750012199e-03 4.596449570084735342e-03 -3.559137081297757826e-02 2.761470260228059506e-04 3.455453326739639230e+00 3.344801066312981686e+00 3.457388674791493255e+00 -1.682225603068842334e-01 -6.505863657176967907e-01 -9.537714757168018753e-01 -3.964550860360811844e-04 -7.921496449517378166e-05
6.368032657313166928e-05 1.061731334168453355e-04 4.401498965902968115e-07 -1.122342480963908355e-09 -4.781838322669111556e-06 -6.038214865809251977e-06 -4.304395179776106359e-05 6.099215568244470420e-04 -2.363348804832843091e-05 -1.355009571722449735e-01 -1.699232895809655586e-01 -1.682225603068843722e-01 3.213020581234481143e-02 3.649784551555219220e-02 6.776345324171426099e-02 8.256176587324024537e-05 1.108072975311855595e-04
4.821766523440965601e-04 6.878821118370345451e-04 1.799429096353060448e-06 8.686713268004881918e-06 -3.402207629681309943e-05 1.624920764374992901e-04 -7.079595214284299231e-04 4.779557734098376087e-03 -5.517517504901189943e-05 -6.360282896051540069e-01 -6.500504287617817623e-01 -6.505863657176970127e-01 3.649784551555219220e-02 1.586091235073414929e-01 2.145058330031160698e-01 1.328520129521391794e-04 1.360427458369499085e-04
7.784024270484136455e-04 1.005712227953355379e-03 3.328111835044501206e-06 1.352145860494702712e-05 -5.232508943396422667e-05 2.680768204672137676e-04 -9.873484595634249468e-04 7.533211694914170205e-03 -8.062925012631400566e-05 -9.450024978825792843e-01 -9.545969434091389205e-01 -9.537714757168024304e-01 6.776345324171426099e-02 2.145058330031160698e-01 3.402183091139118765e-01 2.120907643894919263e-04 2.079720144385212679e-04
-4.989152091385239457e-06 5.989091235766070934e-08 -3.170717078303448807e-08 -6.582786230829840794e-08 -7.624005866030221633e-08 -2.670708738788916580e-06 -4.686060229659738244e-06 1.938947415053359440e-05 1.245726252611780394e-08 -3.591137245704080559e-04 -4.122964038736293482e-04 -3.964550860360811302e-04 8.256176587324024537e-05 1.328520129521391794e-04 2.120907643894919263e-04 1.316506937587598192e-05 4.660260510478589059e-06
-1.471014777277778637e-06 -1.647201494890556040e-06 1.588040866278202098e-08 -1.732431149834931329e-07 -2.701369245297535903e-07 -1.417912273124359639e-06 -5.875655178624258370e-06 3.469962725330951543e-05 -7.871605203762839802e-08 -1.883407037056588037e-05 -8.071680557677666330e-05 -7.921496449517432376e-05 1.108072975311857086e-04 1.360427458369499356e-04 2.079720144385212679e-04 4.660260510478589059e-06 1.400124026525190647e-05
